36.8887
50.3341
35.5074
31.8149
117.694
31.7517
38.1282
51.7072
36.3559
32.4832
120.881
34.4351
37.4288
49.5999
36.7524
31.8088
118.454
32.3311
30.3389
51.4739
36.1084
30.7217
120.837
33.3167
37.7943
52.849
35.6245
32.1701
126.002
32.2414
34.4299
53.484
35.0843
31.7376
120.973
33.9222
36.2589
48.7938
33.1703
31.0043
121.845
34.7815
36.2706
52.1292
33.4396
33.5009
114.437
33.5085
38.0528
50.4162
34.4422
32.3536
120.611
34.0262
39.5063
51.2105
34.8148
31.4008
120.372
33.6981
39.7935
54.8997
33.7144
33.2127
116.939
32.5693
39.1237
53.3454
33.9994
31.7315
117.858
34.5118
37.6951
53.8832
35.1446
32.0819
113.822
34.3976
38.0054
51.0658
34.2351
29.0492
115.691
31.3704
39.0982
49.2717
33.9527
32.0284
117.203
33.1766
40.0919
51.7069
33.7589
32.3736
115.997
33.5256
41.2212
53.1762
32.9655
33.5035
117.838
31.4926
32.1381
52.0958
30.6755
31.0574
117.162
31.3948
36.3384
51.7449
32.6308
32.438
118.996
32.9086
29.5547
48.681
32.2324
31.6681
121.705
32.6787
30.707
50.3313
32.7983
31.1024
117.465
30.4792
34.5032
49.7002
30.8708
30.3567
121.423
31.0056
37.4164
50.8881
34.3669
29.3747
119.421
31.809
34.1016
48.3356
34.6752
29.1998
128.529
31.5263
38.5365
46.9394
34.3992
31.3107
114.784
32.6048
40.3983
49.8285
33.0841
31.3457
115.478
32.0197
39.038
50.1803
32.8255
30.1257
121.091
32.6869
35.9608
48.8229
32.2485
31.5034
114.007
32.2312
39.3899
47.9969
32.4537
30.2489
111.008
32.8901
38.515
49.8239
32.7366
30.1067
113.401
33.0668
41.3506
48.6233
32.7559
32.6969
108.101
33.9969
41.8066
50.1489
31.6824
32.4317
108.553
34.8149
41.8357
47.9524
31.7855
30.2819
107.886
33.8748
37.2237
51.1006
32.8734
30.8825
105.419
33.1285
40.9663
45.2687
34.6353
30.4648
106.391
33.5403
28.4629
45.8403
34.2212
29.1333
105.342
32.9652
27.4473
45.6323
34.9246
28.4826
98.2473
34.2159
26.4997
50.122
33.2387
32.055
97.0736
32.2982
37.7091
49.1519
33.5208
34.4681
96.0895
34.9151
30.224
49.4008
33.2017
32.5418
97.5242
32.3806
28.0492
48.4725
35.5559
29.8013
103.211
31.4196
38.7275
49.434
33.2845
31.5927
96.3871
31.9379
42.4327
49.4757
33.584
31.4868
95.485
33.3379
36.7344
46.9958
34.2321
32.833
101.419
31.8158
35.883
46.0371
34.6376
30.6518
98.9979
31.2545
35.7745
47.6692
33.8409
31.9421
95.8983
33.5039
34.1182
47.2837
34.7135
32.9613
97.589
33.5939
32.8957
45.7919
32.9072
33.0384
95.2687
33.2072
31.842
47.0434
34.6033
31.9659
91.834
33.9756
31.2513
49.1407
34.2608
31.5358
95.2455
35.7224
31.0621
47.2609
35.1768
32.4189
90.1719
31.8909
29.2488
47.3448
35.0283
32.1919
88.1731
35.612
28.9856
51.2311
34.2434
31.3785
85.9071
32.6445
30.0216
49.6352
33.9203
32.4799
89.2619
31.9385
28.9022
50.6911
34.2584
31.7809
85.7038
32.9282
25.8898
50.5735
32.5037
33.8502
91.4197
33.3973
27.6194
47.8463
31.8412
33.3844
87.1764
32.8924
30.8263
51.0843
34.1607
32.8309
87.6041
35.8534
29.7818
48.6694
33.1564
33.6162
89.3783
34.9786
31.3692
44.8923
31.7477
32.0988
88.7935
31.8828
33.0356
49.0373
34.2115
31.534
87.44
32.334
28.1808
49.9247
33.3504
34.0458
89.0801
31.9518
33.2007
47.7457
31.9877
33.5515
